Feature	Gain	Cover	Frequency
ctrx_quarter	0.227344168938225	0.018479344554865	0.0128504058484248
mcuentas_saldo	0.0438827366340984	0.0141474249944873	0.0197664837572974
mtarjeta_visa_consumo	0.0304535218992109	0.012416941422226	0.0163215932399502
mcaja_ahorro	0.0257105932431382	0.00803740983465868	0.0128504058484248
mdescubierto_preacordado	0.0215319542718064	0.00220488698657705	0.00151645307761084
foto_mes	0.0199375579843522	0.0146518795629158	0.0165494994828281
mpayroll	0.0195311777686077	0.013339604933813	0.00573271857085254
ctarjeta_visa	0.0186585494281095	0.000668312052130553	0.000788906225346681
mprestamos_personales	0.0161522783849226	0.00858600552908368	0.00360267176241651
cpayroll_trx	0.0133573414324592	0.00744752005059758	0.00429515611577637
mcuenta_corriente	0.0121865371687131	0.00712284481081014	0.0104398590487544
mdescubierto_preacordado_delta1	0.0109316949677995	0.0048200367069114	0.00118335933802002
Master_status	0.0100664906822192	0.00180637065955615	0.000797671850072755
cproductos_delta1	0.00942860280337536	0.00391539835598569	0.00131484370891113
mpasivos_margen	0.00929469226636941	0.0079413775218999	0.0102294840553286
cliente_edad_lag1	0.00849430551716393	0.0089344593923412	0.0142529058045967
mactivos_margen	0.00845655837013115	0.00801192203667241	0.0130344839676724
numero_de_cliente	0.00826182456931108	0.00969729995102693	0.0165757963570064
mrentabilidad_annual	0.00825612799449957	0.00733037544505333	0.0111761715257446
cliente_edad	0.00806842240735055	0.0090048954990744	0.01440192142494
ctrx_quarter_delta1	0.00801758966933158	0.00732104121322976	0.011921249627461
Visa_status	0.00797780102966262	0.000866865717046821	0.000447046861029786
mrentabilidad_annual_delta1	0.00785463902170775	0.0063385457604551	0.0128153433495205
Master_fechaalta	0.00690789140681631	0.00807120148869595	0.0111498746515664
mcuenta_corriente_lag1	0.00653205774413518	0.0072870429615896	0.0107028277905366
Visa_Fvencimiento_lag1	0.00650968359727471	0.00505200809111845	0.0118774215038306
mprestamos_personales_delta1	0.00616355242113834	0.00989190498180288	0.00332217177118213
Master_Fvencimiento	0.00608516210862041	0.00607592778464091	0.0108869059097842
Visa_Fvencimiento	0.00585704880250252	0.00756493540733283	0.0114829683911572
Visa_fechaalta_lag1	0.00583447830208021	0.00431247526088303	0.00937921845689942
mcaja_ahorro_lag1	0.00581653522040581	0.00556695465235161	0.00910748409039112
mrentabilidad	0.00572784893554509	0.00470786803805426	0.0088094528497046
mcuentas_saldo_delta1	0.00550613555023495	0.00867131781568514	0.0100191090619028
chomebanking_trx	0.00549985537956168	0.00441149444177504	0.00899353096895216
mcaja_ahorro_dolares_delta1	0.00537736298105715	0.00546732927767498	0.00610964043407374
Master_Fvencimiento_lag1	0.00531809418861171	0.00439351445753272	0.0102294840553286
Visa_fechaalta	0.00522843029847529	0.0054525493666042	0.0104310934240283
mrentabilidad_annual_lag1	0.00509057141348032	0.00594820175542191	0.00885328097333497
Master_fechaalta_lag1	0.00503125347137046	0.00522190407932017	0.0102031871811504
mcomisiones_mantenimiento	0.00477361152416315	0.00662661004570758	0.00469837485317579
mcaja_ahorro_delta1	0.00470149235788847	0.00708347018116405	0.00778387475675391
ccaja_ahorro	0.00457477270283009	0.00405960632554173	0.00298907803159131
mcuenta_corriente_delta1	0.00452703400702315	0.00747920677546914	0.00837117161340089
mtransferencias_recibidas	0.00449939513061922	0.00466960007701067	0.00703003103031153
Visa_mpagominimo	0.00446457517737055	0.00651405614799922	0.0088094528497046
mactivos_margen_lag1	0.00444282922175154	0.00601101349632355	0.00770498413421925
mprestamos_personales_lag1	0.00435987621876765	0.00292655799810131	0.00150768745288477
Visa_mfinanciacion_limite	0.00428400815419841	0.00475690312244021	0.00623235918023878
mactivos_margen_delta1	0.00428276777731396	0.00421027121928708	0.00775757788257569
ctarjeta_visa_trx	0.00428004702935369	0.00599419934027995	0.010623937168002
Visa_mpagospesos_lag1	0.00424697439308684	0.00515517459019729	0.00802931224908399
cliente_antiguedad	0.0041140938770775	0.0039280590473909	0.00832734348977052
cliente_antiguedad_lag1	0.00408449751116257	0.00457839203724687	0.00823968724250977
mrentabilidad_delta1	0.00408056077558562	0.00417997643520082	0.00786276537928858
Visa_msaldototal	0.00398207837846391	0.00259107906358475	0.00433021861468067
Visa_mpagominimo_lag1	0.00393291461828222	0.00575398003273106	0.00709139040339405
mcuentas_saldo_lag1	0.00392858908798515	0.0070300227896986	0.00785399975456251
chomebanking_trx_delta1	0.00384222849992787	0.00694969734973575	0.0073455935204502
cproductos	0.00381817132335752	0.0071006075637288	0.00753843726442384
Master_mfinanciacion_limite	0.00379775919699276	0.00535757854602898	0.00731929664627198
Visa_fultimo_cierre	0.00375982917716962	0.00395738645683303	0.00655668729510352
mcaja_ahorro_dolares_lag1	0.00373695401994448	0.00403573796387894	0.00691607790887257
mrentabilidad_lag1	0.0037368420834949	0.00321116152380566	0.00692484353359864
Visa_mpagospesos_delta1	0.00360504291164908	0.00461726334934124	0.00808190599744044
ctrx_quarter_lag1	0.00360420800725432	0.00727179876293447	0.00831857786504444
ccomisiones_mantenimiento_delta1	0.00349927267021629	0.00479953252867668	0.00149015620343262
mtransferencias_recibidas_lag1	0.00348552141389044	0.00618450177813667	0.00726670289791553
mtarjeta_visa_consumo_lag1	0.00338647308617096	0.00488423470313065	0.00350624989042969
Master_mfinanciacion_limite_lag1	0.00335301926876299	0.00510914035712185	0.00614470293297803
mcaja_ahorro_dolares	0.00316671532143175	0.00559694872129553	0.00627618730386915
chomebanking_trx_lag1	0.0031249291663497	0.00396462789873271	0.00675829666380323
mcomisiones_otras	0.00305071197858855	0.00373363502961324	0.00539085920653565
Visa_mconsumospesos_lag1	0.0030382736724571	0.00301245004874571	0.00620606230606055
Master_fultimo_cierre_lag1	0.00290407946263094	0.0034508841980689	0.00559246857523536
Visa_Finiciomora	0.00287379148380876	0.00539298448873657	0.0011921249627461
thomebanking	0.00287180578950018	0.00176322917707449	0.00161287494959766
Visa_mpagospesos	0.00284826273752985	0.00500486795774695	0.00652162479619923
Visa_mfinanciacion_limite_lag1	0.0028417583336379	0.00290668659705419	0.00524184358619239
mcomisiones	0.00283774652255254	0.00262317007130736	0.00503146859276661
Master_fultimo_cierre	0.00283001907685734	0.00290215881351609	0.00579407794393507
Visa_cconsumos_lag1	0.00282081165099251	0.00424862192693473	0.00532949983345313
mpasivos_margen_lag1	0.00281099575792892	0.00468121979001438	0.00627618730386915
Visa_mpagominimo_delta1	0.00278638091671184	0.00347581097868948	0.00538209358180958
mpasivos_margen_delta1	0.00274760077807161	0.0037830554965117	0.00592556231482618
Visa_fultimo_cierre_lag1	0.00269423854308009	0.00306965668681293	0.00557493732578321
mcuenta_debitos_automaticos	0.00265951662732337	0.00636167946749576	0.00426885924159815
ccomisiones_otras	0.00262339490293465	0.00520136202357774	0.00466331235427149
Visa_mconsumospesos	0.00258756037920262	0.00294657952622766	0.00601321856208692
mcomisiones_mantenimiento_lag1	0.00246013350189566	0.00609122876114227	0.00416367174488526
ccomisiones_mantenimiento	0.00239875003115889	0.00274020027602204	0.00120089058747217
Visa_cconsumos	0.00235253815883342	0.00256738403185582	0.00491751547132764
cmobile_app_trx	0.00234499967965275	0.0029680444716711	0.00472467172735401
Visa_mlimitecompra_lag1	0.00227979085610157	0.00321093133919492	0.00362020301186866
Visa_msaldopesos	0.00226169826288894	0.00288114924330225	0.00478603110043653
mtransferencias_emitidas	0.0022578150763167	0.00919361937451047	0.00619729668133448
Visa_mconsumosdolares_lag1	0.00224662469855142	0.0031937672195659	0.00497010921968409
mcomisiones_lag1	0.00222938892344788	0.00162072899908305	0.00422503111796778
Visa_mconsumospesos_delta1	0.00217996230840769	0.00318911189715804	0.00503146859276661
mtarjeta_visa_debitos_automaticos_lag1	0.00214606825754624	0.00501336396723969	0.00399712487508985
mcomisiones_otras_lag1	0.00212991685768889	0.00164532932629541	0.00391823425255518
mtransferencias_recibidas_delta1	0.00211759063860856	0.00319237174457095	0.00471590610262794
mtransferencias_emitidas_lag1	0.00210344323132678	0.00352202169175519	0.00508406234112305
mpayroll_lag1	0.00208042708679818	0.00637803133355176	0.00457565610701075
cmobile_app_trx_lag1	0.00207026290357874	0.00288511623996658	0.00443540611139356
Visa_mlimitecompra	0.00207011726535399	0.00230838193666087	0.00353254676460791
tcallcenter	0.00203555105651615	0.000856191635614877	0.00103434371767676
Master_mlimitecompra	0.00203189023817677	0.00261838252336042	0.00359390613769043
Visa_Finiciomora_lag1	0.00202862153430183	0.00431654282886093	0.000841499973703126
Visa_msaldopesos_delta1	0.0020260899361563	0.00263756037418018	0.00366403113549903
ccallcenter_trx_delta1	0.00202604913589897	0.00240151527554368	0.0011921249627461
ccomisiones_otras_lag1	0.00196683211186881	0.00403164619424804	0.0039795936256377
mtransferencias_emitidas_delta1	0.00196083701863166	0.00342405140282107	0.00383057800529444
mtarjeta_visa_debitos_automaticos	0.00192252422706861	0.00280238377274409	0.00383057800529444
Visa_msaldototal_lag1	0.0019142746381095	0.00151241185043165	0.00274364053926123
Visa_msaldototal_delta1	0.00183519740636882	0.00273903974913778	0.00411984362125489
Master_mlimitecompra_lag1	0.00182856795998706	0.00230328345509588	0.00308549990357813
mcomisiones_otras_delta1	0.00181611824507012	0.00214666641449517	0.00362896863659473
mcomisiones_delta1	0.00181508101826657	0.00312522268329879	0.00385687487947266
ctarjeta_debito_trx	0.00181055313648135	0.00152992631779931	0.00288389053487842
mautoservicio	0.00178837620360485	0.00570606552329426	0.00398835925036377
Visa_mconsumosdolares	0.00177913272040113	0.00266186720833078	0.00378674988166407
mtarjeta_visa_debitos_automaticos_delta1	0.00177743505724116	0.00451774476926038	0.00299784365631739
cprestamos_personales	0.00176847823951077	0.00283832130668055	0.000990515594046388
mpayroll_delta1	0.00173835982703067	0.00812801890271844	0.00447046861029786
cproductos_lag1	0.00169435643170544	0.00296351246244756	0.00364649988604688
ccaja_ahorro_delta1	0.00169138481332014	0.00540303332238406	0.000560999982468751
ctransferencias_recibidas	0.00164620259890486	0.00324682723092209	0.00305920302939991
Visa_msaldopesos_lag1	0.0016460811157393	0.00244926813330458	0.00345365614207325
ccallcenter_trx	0.0016001068247994	0.00631245338212774	0.00248067179747901
mpagomiscuentas	0.00158329006155964	0.00344792114743545	0.00290142178433057
ctransferencias_recibidas_lag1	0.00156969186701043	0.00213793760814979	0.00346242176679932
ctarjeta_visa_trx_lag1	0.00156354105991259	0.00403979185600214	0.00381304675584229
internet	0.00154808366447794	0.00309597218133175	0.00217387493206641
Visa_cconsumos_delta1	0.00153161595640713	0.00307264570620419	0.00314685927666065
Master_mpagospesos_lag1	0.00141591870223679	0.003795335645735	0.00299784365631739
ccaja_seguridad_lag1	0.0013713581381485	0.000564175489335026	0.000315562490138672
mtarjeta_master_consumo	0.0013525343423665	0.00126463348309896	0.00127978121000684
cmobile_app_trx_delta1	0.00133150973452647	0.00242470768119668	0.00295401553268701
mtarjeta_visa_consumo_delta1	0.00133022968347287	0.00334024322974579	0.00298907803159131
ctarjeta_visa_debitos_automaticos_lag1	0.00132086473851109	0.00314872156639247	0.00226153117932715
mpagomiscuentas_lag1	0.0012967688481862	0.00349296918235887	0.00262968741782227
Visa_mconsumosdolares_delta1	0.00126720917737255	0.00208588953321151	0.00268228116617871
Master_mpagominimo_lag1	0.00126080625463963	0.00176842792263047	0.00205992181062744
cpayroll_trx_lag1	0.00125928217599688	0.000868606468957881	0.000666187479181641
ctarjeta_debito	0.00122390711936606	0.00158040481950233	0.00237548430076612
Master_mpagominimo	0.00117569790497602	0.00447644207459209	0.00246314054802686
ctarjeta_debito_lag1	0.00117039641418413	0.00207124384527657	0.00235795305131397
Master_msaldopesos	0.00116821249780255	0.00324346934760687	0.00181448431829737
Master_fultimo_cierre_delta1	0.00116522419947094	0.00142316068718171	0.00211251555898389
mcomisiones_mantenimiento_delta1	0.00112898535596322	0.00780500228288315	0.00152521870233692
Master_msaldototal	0.00112661365935135	0.0027063805019689	0.00269981241563086
mautoservicio_delta1	0.00111859448735875	0.00462985781273094	0.00273487491453516
mcuenta_debitos_automaticos_lag1	0.0011044725473493	0.00223360436070233	0.00242807804912256
Visa_fultimo_cierre_delta1	0.00108487003648106	0.00176145193060732	0.00195473431391455
Master_status_lag1	0.00108056047766157	0.00216399072601785	0.000376921863221192
mautoservicio_lag1	0.00107857416798069	0.00282627080425347	0.0031293280272085
ctarjeta_debito_trx_lag1	0.00105310371033635	0.00423498279727259	0.00305043740467383
ccaja_seguridad	0.00104072173421996	0.00312002585850892	0.000596062481373048
ctransferencias_emitidas	0.00103941017330234	0.00559407909672573	0.0025507967952876
ccomisiones_otras_delta1	0.00100545653683529	0.00160467431395974	0.0019372030644624
cplazo_fijo	0.00097762902391953	0.00271572917795362	0.000403218737399414
ctarjeta_master	0.000947646217685764	0.000462675677426009	0.000333093739590821
ctransferencias_emitidas_lag1	0.000942109659468018	0.00306026506249797	0.00212128118370996
ctarjeta_visa_trx_delta1	0.000892361375251213	0.00185475913723849	0.00186707806665381
mdescubierto_preacordado_lag1	0.000879937764522831	0.000936772537470488	0.00102557809295068
tcuentas_lag1	0.000876406783037253	0.00462897625791665	0.000569765607194825
Master_msaldototal_lag1	0.000862048572422098	0.0013959615634212	0.00184954681720166
internet_lag1	0.00086054520158866	0.003152937878498	0.00177942181939307
cprestamos_personales_delta1	0.000849654423588406	0.00182916969230963	0.000385687487947266
Master_mpagospesos_delta1	0.000842671294822176	0.0048010728294364	0.002007328062271
ctarjeta_debito_trx_delta1	0.000841562842319522	0.00287680984850432	0.00195473431391455
Visa_mpagado	0.000819516310754918	0.0026495777625995	0.0017005311968584
mextraccion_autoservicio_lag1	0.000815148499680053	0.00127167739341179	0.00228782805350537
ctransferencias_emitidas_delta1	0.000809622336709569	0.0031352568422932	0.00164793744850196
Master_msaldopesos_lag1	0.000801383197746645	0.00145773916384868	0.00154274995178906
Master_mpagospesos	0.000786949989416975	0.00363095002818311	0.00303290615522168
mextraccion_autoservicio_delta1	0.000776044398143306	0.00289133045615011	0.0019722655633667
ccuenta_debitos_automaticos_lag1	0.000775419995597307	0.00308731974464693	0.0014638593292544
mextraccion_autoservicio	0.000773283345792701	0.00274193826202989	0.00188460931610596
ctarjeta_visa_debitos_automaticos	0.000745994608071033	0.00134108081945309	0.00159534370014551
ccajas_consultas_delta1	0.000733092399474725	0.00440073507832777	0.000806437474798829
ctransferencias_recibidas_delta1	0.000730107385913297	0.00134479020296662	0.00178818744411914
mprestamos_prendarios	0.000716690216971645	0.00682240764174652	0.000718781227538087
Master_mconsumospesos	0.000683106337600704	0.00161685673460331	0.00201609368699707
ccomisiones_mantenimiento_lag1	0.000643664286154466	0.00179128726743983	0.00109570309075928
ctarjeta_visa_debitos_automaticos_delta1	0.000640449759724492	0.00186964868563888	0.000902859346785645
mcuenta_debitos_automaticos_delta1	0.000639246946171323	0.00200397039519106	0.00140249995617188
ccuenta_debitos_automaticos	0.00062144601334292	0.0022680080476532	0.00151645307761084
thomebanking_lag1	0.000611573330010308	0.000618255504326786	0.00106064059185498
mtarjeta_master_consumo_lag1	0.000598986870729105	0.00205660614772865	0.0008502655984292
mplazo_fijo_dolares	0.000589412246883686	0.00314622549241592	0.000525937483564454
Master_mconsumospesos_lag1	0.00057901825991754	0.00192322000493381	0.00164793744850196
Master_msaldototal_delta1	0.00055693998945205	0.00214684035907418	0.00101681246822461
Master_cconsumos	0.000547169297413723	0.00175782421806883	0.0011219999649375
mpagomiscuentas_delta1	0.000546933213798302	0.00174294811503122	0.00159534370014551
cpagomiscuentas	0.000545139949291196	0.00198677200909462	0.00134990620781543
cpagomiscuentas_lag1	0.000544419912736592	0.00119505480635769	0.00128854683473291
Master_mconsumospesos_delta1	0.000534854312238792	0.00160771634649566	0.00126224996055469
Master_mfinanciacion_limite_delta1	0.000527942462228844	0.00533586466929757	0.00103434371767676
matm_lag1	0.000526921931158182	0.00141233202249316	0.00143756245507617
Master_mpagominimo_delta1	0.000524459329699211	0.00189556750354046	0.0011570624638418
ccajas_trx_delta1	0.000518596002411634	0.00188575669122944	0.000648656229729493
matm	0.00051169060347933	0.00112469330218023	0.00125348433582861
ccaja_ahorro_lag1	0.000511355218069846	0.00120369525746197	0.00101681246822461
cextraccion_autoservicio_lag1	0.000503106007647959	0.00238691737626958	0.00120965621219824
Visa_mpagado_delta1	0.000502212602877064	0.00170921754135628	0.00101681246822461
mplazo_fijo_dolares_delta1	0.000494622876765506	0.00429645576419487	0.000604828106099122
Visa_mpagosdolares	0.000481096079288406	0.00112806271009212	0.00105187496712891
cextraccion_autoservicio	0.000473284391498135	0.00210158511190272	0.00106064059185498
Visa_msaldodolares_lag1	0.000457199893263236	0.00136720377637695	0.00149892182815869
ccajas_otras_delta1	0.000454845500626981	0.00119421120588175	0.000192843743973633
Visa_mpagosdolares_lag1	0.00044309465633685	0.000781428196494917	0.000885328097333497
thomebanking_delta1	0.000429335452412009	0.0010667290371282	0.000815203099524903
ccallcenter_trx_lag1	0.000425816028622492	0.00323746457176008	0.000920390596237794
Master_cconsumos_lag1	0.000420045077011309	0.000992946725337729	0.000946687470416017
Master_msaldopesos_delta1	0.000419918587454594	0.00188067180868852	0.00102557809295068
mcaja_ahorro_adicional_lag1	0.000416546964938821	0.00548240537088007	0.000902859346785645
Visa_msaldodolares_delta1	0.000377197270629786	0.00227876072683441	0.000885328097333497
matm_delta1	0.000365338098045093	0.000829691286565538	0.00106940621658106
mttarjeta_master_debitos_automaticos	0.000352046909862674	0.00301184954042878	0.000885328097333497
tpaquete7	0.000349138564976323	0.00160853013668156	0.000298031240686524
Visa_mpagado_lag1	0.000342669075879123	0.00169205411320306	0.000955453095142091
catm_trx_lag1	0.000342175999332523	0.00227508799153828	0.000841499973703126
Visa_mfinanciacion_limite_delta1	0.000340195646268796	0.000688188677661496	0.000569765607194825
Master_Fvencimiento_delta1	0.000328399050404385	0.000327426621995454	0.000788906225346681
mttarjeta_master_debitos_automaticos_lag1	0.000328050465616474	0.00163289006080747	0.000718781227538087
cprestamos_personales_lag1	0.000318245426963737	0.00153787951878908	0.000613593730825196
Visa_mconsumototal_lag1	0.000315744585291032	0.000490666848300047	0.000639890605003419
Visa_Fvencimiento_delta1	0.000315494463645111	0.000152895441014715	0.000648656229729493
tcallcenter_lag1	0.000313158440929145	0.00105002305863198	0.000473343735208008
mforex_sell	0.000293794697855978	0.000924533492641961	0.000674953103907716
catm_trx	0.000285432491612171	0.00185521835400031	0.000753843726442384
Visa_status_lag1	0.000285197959245267	0.000800953705980773	0.000157781245069336
cseguro_accidentes_personales_lag1	0.000272604189738686	0.000432680763344995	0.000534703108290528
ctarjeta_master_trx	0.000271424892272902	0.00252202752189498	0.000788906225346681
tmobile_app	0.000270685278848177	0.000178815488206605	0.000543468733016602
Visa_delinquency	0.000269651079486881	0.000177153641367384	0.000122718746165039
Visa_mlimitecompra_delta1	0.000267038564440144	0.000561932495501266	0.000508406234112305
Master_cconsumos_delta1	0.00026522630803308	0.000592285747707945	0.000464578110481934
cseguro_accidentes_personales	0.000262771946972543	0.00045018754764821	0.000482109359934083
Visa_mconsumototal	0.000261539030691595	0.00014667238930707	0.000517171858838379
mtarjeta_master_consumo_delta1	0.000259664755343186	0.00230421087780491	0.000666187479181641
ccajas_extracciones	0.000257377530119047	0.0021794071789778	0.00068371872863379
cpagomiscuentas_delta1	0.000254961038940089	0.00115205653619727	0.000569765607194825
Master_mlimitecompra_delta1	0.000253999022505335	0.00112350603823171	0.00045581248575586
Visa_status_delta1	0.000247255293390637	0.000811872339353967	0.00028926561596045
cextraccion_autoservicio_delta1	0.000246160434131494	0.000557351852479799	0.000613593730825196
Visa_msaldodolares	0.000246063758357937	0.000788612092241919	0.000657421854455567
tmobile_app_lag1	0.000235507696940311	0.000108882084379962	0.000473343735208008
minversion1_pesos	0.000233838296302417	0.00282898553824409	0.000271734366508301
mcaja_ahorro_adicional	0.000229594439722231	0.00230595631638528	0.000429515611577637
matm_other_delta1	0.0002235437088116	0.00107789229927329	0.000727546852264161
Visa_mconsumototal_delta1	0.000223489937711395	0.000268786170441713	0.000499640609386231
mplazo_fijo_dolares_lag1	0.000220796729007905	0.00203007399079251	0.00045581248575586
ccajas_trx_lag1	0.000220315514855858	0.00149195669014808	0.00113076558966358
Master_Finiciomora	0.000218909310973349	0.000801220077825044	0.000210374993425781
Master_fechaalta_delta1	0.000218682974114097	0.000127704747130487	0.000508406234112305
ccuenta_debitos_automaticos_delta1	0.000218457643323522	0.00180255663270489	0.000359390613769043
mforex_sell_lag1	0.00021753974331336	0.000364364414091865	0.000499640609386231
matm_other	0.000208687820660479	0.000819297944308375	0.000587296856646973
mttarjeta_master_debitos_automaticos_delta1	0.000207906002161278	0.00203564782355465	0.000525937483564454
Visa_fechaalta_delta1	0.00020552788108831	0.000216390129514772	0.000525937483564454
catm_trx_delta1	0.000203549526052532	0.000852699452333181	0.000552234357742676
mprestamos_hipotecarios	0.000201191371228501	0.00128391958829674	9.64218719868165e-05
ctarjeta_master_trx_lag1	0.000199679470832444	0.000557324116617156	0.000411984362125489
cseguro_vida_lag1	0.000198401191585755	0.00160278481792104	0.000447046861029786
mforex_sell_delta1	0.000182609215416035	0.00094510750993248	0.000420749986851563
Master_delinquency	0.000182351068058966	0.000104117508795706	9.64218719868165e-05
tpaquete9	0.000182154384747852	0.000340712177031888	0.000219140618151856
matm_other_lag1	0.000178386896030889	0.000700632476157454	0.00045581248575586
minversion2	0.000174791885534162	0.003278339934384	0.000315562490138672
ccajas_otras	0.000167863066742769	0.00137764920981104	0.000219140618151856
cseguro_vivienda_lag1	0.00016103014809464	0.000247485104762867	0.000219140618151856
Visa_delinquency_lag1	0.000157220090945069	0.000230622852735853	0.000175312494521485
ctarjeta_debito_delta1	0.000151716867257924	0.00277210243402061	0.000298031240686524
mcheques_emitidos_delta1	0.000146036661387194	0.00201215116854966	0.00028926561596045
ctarjeta_visa_delta1	0.000142923442394281	0.00202403433383314	0.000236671867604004
tcallcenter_delta1	0.000142239426322544	0.000390322415622107	0.000298031240686524
tmobile_app_delta1	0.000141983686644373	0.000449961665553558	0.000306796865412598
mprestamos_hipotecarios_lag1	0.000135654336190865	0.00272965042974215	0.00022790624287793
ctarjeta_master_trx_delta1	0.000135634530417148	0.00105071561006095	0.000376921863221192
catm_trx_other	0.000129096225870798	0.00106818474734839	0.000315562490138672
Master_msaldodolares	0.000127938729441131	0.00198176925851261	0.000245437492330078
active_quarter_lag1	0.00012669221466249	0.000146241599883699	0.000201609368699707
minversion2_lag1	0.000126487611870832	0.00289744740473779	0.000280499991234375
catm_trx_other_lag1	0.000125850002577269	0.000613670635619875	0.000262968741782227
ccajas_trx	0.000125444505653597	0.000274410173614666	0.000333093739590821
cforex_buy_delta1	0.000124789141487236	0.00158233203938745	0.000140249995617188
cseguro_vivienda	0.000123616448215403	0.000230865560741636	0.000219140618151856
cpayroll_trx_delta1	0.000115309187900818	0.000307961270904194	0.00039445311267334
tpaquete9_lag1	0.000115024504868098	0.000710743619457591	0.000175312494521485
Master_mconsumosdolares_delta1	0.000114434577658774	0.000320302116336603	0.00028926561596045
Visa_mpagosdolares_delta1	0.000112220139717282	0.000709769022732879	0.000587296856646973
ccheques_depositados_delta1	0.000106371822961574	0.00211281398741816	0.000201609368699707
mcheques_depositados_delta1	0.000104886865945456	0.00279460490048655	0.000350624989042969
ccajas_extracciones_lag1	9.91532066245153e-05	0.000903479975299498	0.000368156238495118
cliente_edad_delta1	9.85508675123205e-05	0.00025340421444111	0.00022790624287793
Master_mconsumosdolares	9.73885132831794e-05	0.000228163657468641	0.000368156238495118
Master_mconsumototal	9.71007025774106e-05	0.000215946663035069	0.000201609368699707
Master_mpagado_lag1	9.63210770410874e-05	0.000390512725128383	0.000201609368699707
cseguro_vida	9.54977590476169e-05	0.00032995235260075	0.000175312494521485
mtarjeta_visa_descuentos_delta1	9.44533384073354e-05	0.00101347579670125	0.000298031240686524
ctarjeta_master_debitos_automaticos_lag1	9.21705938023881e-05	0.000242973762982683	0.000157781245069336
Master_delinquency_lag1	9.11739736846601e-05	0.000414437864637408	9.64218719868165e-05
internet_delta1	9.02396875377344e-05	0.000167773541649086	0.000201609368699707
Master_msaldodolares_lag1	8.96128372524597e-05	0.000815818053929789	0.000175312494521485
Master_mpagado_delta1	8.64669239563371e-05	0.000700088131041602	0.00022790624287793
mcaja_ahorro_adicional_delta1	8.48163811822549e-05	0.00163752740484453	0.000219140618151856
Master_mconsumosdolares_lag1	8.38015013196436e-05	0.000163306454320099	0.000157781245069336
mcheques_depositados	7.87584616766512e-05	0.000902765834459435	0.000245437492330078
Master_mpagado	7.87197348255648e-05	0.000507497369270907	0.00016654686979541
ccajas_extracciones_delta1	7.82323041329218e-05	0.000670185874717782	0.000201609368699707
minversion1_pesos_delta1	7.73311535943094e-05	0.000129650790523489	0.000122718746165039
ccajas_depositos_lag1	7.68553910094376e-05	0.00055116491117504	0.000149015620343262
Master_mpagosdolares	7.4029261741109e-05	7.79567511947887e-05	0.000210374993425781
ccajas_consultas	7.36440877862908e-05	0.00033207802604045	0.000122718746165039
mprestamos_hipotecarios_delta1	7.26376079310751e-05	1.8646413252182e-05	0.000105187496712891
Master_mconsumototal_lag1	6.93530460052408e-05	0.000384997898301179	0.000184078119247559
active_quarter	6.22319929093654e-05	9.31454012939826e-05	0.000122718746165039
ccheques_emitidos_lag1	6.16434983828945e-05	0.000600864811127319	9.64218719868165e-05
ctarjeta_master_debitos_automaticos	5.9438096052686e-05	0.000372920581979196	0.000131484370891113
Master_status_delta1	5.94239073627688e-05	0.00022719720479224	0.00022790624287793
minversion1_pesos_lag1	5.93306526926244e-05	0.00141165629697531	0.000140249995617188
mtarjeta_visa_descuentos_lag1	5.59182762296184e-05	0.000392389851433323	0.000131484370891113
cprestamos_hipotecarios	5.25875348162465e-05	0.000462592469838081	3.50624989042969e-05
mprestamos_prendarios_delta1	5.11874113230245e-05	0.00222826662851056	0.000210374993425781
Master_msaldodolares_delta1	5.10214358352861e-05	0.001003393849046	0.000157781245069336
cforex	5.08571664622099e-05	9.14485965115419e-05	0.000105187496712891
ccheques_emitidos	5.08274134505497e-05	0.000984042284139155	0.000105187496712891
ctarjeta_visa_lag1	4.08878898355104e-05	0.00097494330774886	0.000122718746165039
Master_mpagosdolares_lag1	4.01085854297516e-05	7.59476298427025e-05	0.000236671867604004
cforex_lag1	3.8863591945313e-05	0.000319408806433708	0.000122718746165039
active_quarter_delta1	3.85415768704471e-05	0.000132842412324139	7.01249978085938e-05
cforex_buy	3.79919123096019e-05	0.000466665569622383	4.38281236303711e-05
Master_mconsumototal_delta1	3.72064082139893e-05	2.42922363281553e-05	7.01249978085938e-05
cplazo_fijo_lag1	3.69185473404236e-05	0.000258360098330019	6.13593730825196e-05
Master_mpagosdolares_delta1	3.6415109559057e-05	2.60784719807233e-05	0.000113953121438965
tpaquete7_lag1	3.63558792876331e-05	0.00099532317400088	0.000262968741782227
mtarjeta_master_descuentos_delta1	3.62349990370481e-05	0.000217283055264445	0.000105187496712891
ctarjeta_master_debitos_automaticos_delta1	3.39008741339485e-05	0.000105590659572184	8.76562472607423e-05
cforex_delta1	3.36104219026186e-05	4.68438744065396e-05	4.38281236303711e-05
catm_trx_other_delta1	3.31206834790734e-05	4.98799909828452e-05	8.76562472607423e-05
cforex_sell	3.234678941474e-05	0.000238300846357244	7.01249978085938e-05
ccajas_consultas_lag1	3.15538656209541e-05	0.000109606981510246	7.88906225346681e-05
mforex_buy_delta1	3.06307094252857e-05	0.00101244134890452	7.88906225346681e-05
cforex_sell_lag1	2.94312160446667e-05	0.000938825068136683	8.76562472607423e-05
ccajas_depositos	2.76802944152655e-05	0.000486418805138357	8.76562472607423e-05
cinversion2	2.6309848185724e-05	0.000915948743754898	8.76562472607423e-05
cpagodeservicios_lag1	2.43276426876003e-05	0.000647152354837474	8.76562472607423e-05
ctarjeta_master_lag1	2.30649107122731e-05	0.000201038444788078	5.25937483564454e-05
ccheques_depositados_lag1	2.0975193919399e-05	0.000479766039636363	5.25937483564454e-05
mcheques_depositados_lag1	2.01937723548426e-05	0.000172563855499228	7.01249978085938e-05
ccheques_depositados	2.0168039514678e-05	0.000295628492689452	6.13593730825196e-05
ctarjeta_visa_descuentos_delta1	1.93803225620652e-05	0.000330009898753435	6.13593730825196e-05
mcheques_emitidos_rechazados_lag1	1.86156989029387e-05	4.55532732412492e-05	1.75312494521485e-05
ctarjeta_visa_descuentos_lag1	1.72197099432831e-05	0.000302528499205251	5.25937483564454e-05
cforex_sell_delta1	1.59905499810605e-05	2.02003130359657e-05	2.62968741782227e-05
Visa_delinquency_delta1	1.59134655979768e-05	5.12929065340829e-05	5.25937483564454e-05
minversion2_delta1	1.54478372048711e-05	0.000142694713183161	4.38281236303711e-05
mprestamos_prendarios_lag1	1.50308461138117e-05	0.00124218141753577	9.64218719868165e-05
mforex_buy	1.35562118721577e-05	0.000697123159642047	5.25937483564454e-05
cseguro_auto_lag1	1.28395130210215e-05	0.000277878923549809	4.38281236303711e-05
mtarjeta_master_descuentos_lag1	1.27701784790202e-05	6.84780009290305e-05	2.62968741782227e-05
tpaquete7_delta1	1.22080057814273e-05	0.000501832569025758	6.13593730825196e-05
Visa_cadelantosefectivo_lag1	9.9224466567499e-06	2.63659722522149e-06	1.75312494521485e-05
cinversion2_lag1	9.58079261615738e-06	0.000190171902591814	2.62968741782227e-05
ccajas_depositos_delta1	9.32430810718775e-06	0.000221979712559016	8.76562472607423e-05
mcheques_emitidos_lag1	8.43912804392463e-06	0.000290547144358173	3.50624989042969e-05
mcheques_emitidos	6.97613963114012e-06	5.78880490527475e-05	1.75312494521485e-05
ccheques_emitidos_delta1	6.42336619936094e-06	1.84135395688867e-05	8.76562472607423e-06
mtarjeta_visa_descuentos	5.33363968946112e-06	6.22604810277848e-05	5.25937483564454e-05
cprestamos_hipotecarios_lag1	4.68356513896928e-06	0.000350159887717293	2.62968741782227e-05
cseguro_auto	4.65760263557973e-06	5.61704999963082e-05	8.76562472607423e-06
mcajeros_propios_descuentos_delta1	4.06174828113464e-06	7.00917517848323e-05	2.62968741782227e-05
mpagodeservicios_lag1	4.05531301541638e-06	1.40437966664047e-05	8.76562472607423e-06
cinversion1_lag1	3.82710559919885e-06	3.19464124497705e-05	8.76562472607423e-06
mcheques_emitidos_rechazados_delta1	3.62266057360137e-06	2.5430175002945e-05	8.76562472607423e-06
Master_madelantopesos_lag1	3.31407053062161e-06	2.35505901173833e-05	9.64218719868165e-05
ctarjeta_visa_descuentos	2.90384280607869e-06	5.52213342149058e-05	1.75312494521485e-05
Visa_madelantopesos_lag1	2.46200919491242e-06	9.87273781044269e-07	8.76562472607423e-06
mcajeros_propios_descuentos_lag1	2.36849952928027e-06	4.76280079636865e-05	1.75312494521485e-05
ctarjeta_master_descuentos_delta1	1.95585627548705e-06	2.25496404816289e-05	8.76562472607423e-06
Master_delinquency_delta1	1.54329014680546e-06	8.24772358216604e-05	8.76562472607423e-06
Master_cadelantosefectivo_lag1	8.52669860358401e-07	6.93573276546376e-06	3.50624989042969e-05
Master_cadelantosefectivo	6.378048556991e-07	4.64515003053884e-05	0.000175312494521485
Master_madelantodolares	5.62061729465682e-07	3.34021226699608e-06	2.62968741782227e-05
Master_cadelantosefectivo_delta1	2.25468570901369e-07	3.44600806438892e-06	2.62968741782227e-05
minversion1_dolares_lag1	2.00898762116609e-08	2.01026612868834e-05	8.76562472607423e-06
Visa_madelantopesos_delta1	7.14271569985386e-09	2.9422295288008e-06	1.75312494521485e-05
Visa_madelantopesos	1.33931780886582e-09	1.36620251941861e-05	3.50624989042969e-05
Visa_cadelantosefectivo	3.98275949858595e-11	2.25098422078093e-06	8.76562472607423e-06
Visa_cadelantosefectivo_delta1	1.39852193442599e-11	4.03721987334889e-06	8.76562472607423e-06
Master_madelantopesos	3.557625841155e-13	2.9224994193088e-05	0.000131484370891113
Master_madelantopesos_delta1	7.43091124343056e-16	1.06041655455043e-06	8.76562472607423e-06
Master_madelantodolares_lag1	2.03449564423741e-16	1.20378253707406e-06	8.76562472607423e-06
